i1:
  j_xyz: 0.0 0.0 0.14
  j_rpy: 0.0 -0.0 0.0
  l_xyz: 0 0 0.07
  l_rpy: 0 0 0
  l_len: 0.14
i3:
  j_xyz: 0.0 -0.29999990488 0.00023889801322
  j_rpy: 0.785398004863 -1.5696701507 0.785398004863
  l_xyz: 0 0 0.00011944900661
  l_rpy: 0 0 0
  l_len: 0.3
i2:
  j_xyz: 0.0 -0.29999990488 0.00023889801322
  j_rpy: 0.785398004863 -1.5696701507 0.785398004863
  l_xyz: 0 0 0.00011944900661
  l_rpy: 0 0 0
  l_len: 0.3
